{"mex_predictions": [[0.014691802281612461, 0.030716773833102586, 0.1265794806514436, 0.04532246400619217, 0.7617305614445454, 0.020958917783103798], [0.02189776341034811, 0.052772288214439536, 0.1112031483453776, 0.07808875878223479, 0.6440608583755817, 0.09197718287201809], [0.030840655138890706, 0.05330295131610333, 0.11200574026031605, 0.08233796041305332, 0.5911891125199327, 0.13032358035170385], [0.05655076496693386, 0.04435081954708584, 0.10886452859043907, 0.05998746166973904, 0.5944066513211357, 0.13583977390466645], [0.039809429967134796, 0.10496157351076553, 0.07148782648323404, 0.06764433112311863, 0.3838956693050431, 0.332201169610704], [0.03167691437947487, 0.08186636926988314, 0.11283526689130999, 0.09442965543871798, 0.5099119648777676, 0.16927982914284628], [0.06101176191535741, 0.08311545418809596, 0.08627014248278765, 0.07302055289640576, 0.3471078855187933, 0.34947420299855997], [0.036802064682469486, 0.08538600796498469, 0.08144661870259212, 0.08904762838525573, 0.5404003677651826, 0.16691731249951539], [0.04644256401759743, 0.10430317137608316, 0.09565182935437301, 0.07987206203874773, 0.42437479967209907, 0.24935557354109944], [0.03198100409163472, 0.10021135980482732, 0.05324771587655895, 0.09450485972420812, 0.4018295610397592, 0.3182254994630117], [0.07138505821639973, 0.12211052395376465, 0.05955563868357085, 0.11312392700870606, 0.29894610084697826, 0.33487875129058037], [0.023758379205085195, 0.08970940859118591, 0.05790735153550553, 0.09314359929545836, 0.5441759115642497, 0.19130534980851524], [0.054195966502018, 0.09004056561912474, 0.06864104414076622, 0.09775622120216844, 0.42553401283806624, 0.2638321896978563], [0.017101552409267147, 0.06332653506841003, 0.1160781148415267, 0.0782658036423527, 0.5856551028155216, 0.1395728912229219], [0.03249709810215259, 0.06525530223299106, 0.09854065907589174, 0.07857897907160998, 0.5847884630183994, 0.14033949849895525], [0.020856604667088045, 0.032637350813655236, 0.1384121807717004, 0.04492958051932654, 0.75477362666574, 0.008390656562489865], [0.12191199026377429, 0.08112506558179965, 0.10487294229010244, 0.11574970498965141, 0.27813090258368856, 0.29820939429098353], [0.026467196383977553, 0.11681060684587515, 0.06037500035236557, 0.1208067864662472, 0.31172524979623356, 0.363815160155301], [0.019873819921412864, 0.08270008168133615, 0.04947861284190694, 0.07813631686504348, 0.5667166974094843, 0.20309447128081623], [0.01714661310996333, 0.12069530849014873, 0.04752153372394327, 0.09000659640066846, 0.37711183287534705, 0.3475181153999292], [0.042873327916958325, 0.07105479517367448, 0.09480856764407476, 0.073199125255892, 0.39552851045363757, 0.3225356735557629], [0.038286201725642156, 0.0604332618828856, 0.09246253322536464, 0.08684427062739782, 0.4710726675164455, 0.2509010650222644], [0.025445811519902033, 0.09484284489120431, 0.06788919504437176, 0.07104526593329835, 0.36657932304332846, 0.3741975595678951], [0.014785679737794554, 0.10173188005078358, 0.0428585249066369, 0.09515044061721681, 0.42996012843304704, 0.3155133462545211], [0.043976773352295204, 0.09245444109669103, 0.06517988289483698, 0.09678006555308927, 0.4141399535647126, 0.2874688835383749], [0.040484394862749025, 0.06855743828264098, 0.09489555302118886, 0.07236537890942968, 0.5241185397908408, 0.1995786951331506], [0.0350984637980904, 0.08722884816261356, 0.08902135928588782, 0.07098121330116351, 0.4056472200471152, 0.31202289540512945], [0.010469971974233439, 0.1273461761768322, 0.015204195484701272, 0.08474846877374519, 0.20947131126464041, 0.5527598763258474], [0.004585659071931873, 0.1325218340771896, 0.014975053019063662, 0.1017652189186506, 0.14405702744709944, 0.6020952074660648], [0.029815030819678543, 0.167900310336549, 0.010633868015337052, 0.07605845389373839, 0.05419718450599617, 0.6613951524287008], [0.002718562109486153, 0.19123962792596996, 0.002810831440346519, 0.09285457104605711, 0.02684951243583882, 0.6835268950423015], [0.022401060318194596, 0.0772982905996438, 0.06641744356553374, 0.0759742840500202, 0.3709477827759566, 0.386961138690651], [0.026812362721957774, 0.15348726436217844, 0.02249530462140822, 0.13393276655216144, 0.06891411104475893, 0.5943581906975351], [0.01494535534190494, 0.1254696766916293, 0.030643922574946567, 0.11255802437863262, 0.20365478332021436, 0.5127282376926722], [0.007167832112916744, 0.15699083494142455, 0.007583723367537286, 0.1031438002220048, 0.11580838163521849, 0.6093054277208981], [0.06402506171474553, 0.11130481063159298, 0.04894988634439642, 0.09201590065176303, 0.2804502752753636, 0.4032540653821385], [0.02037548296465296, 0.08790320851199071, 0.06527492910250197, 0.10850719332834449, 0.34368206772514687, 0.3742571183673629], [0.02508983589938891, 0.09920613129490732, 0.05426978306412105, 0.16162463781544084, 0.4246922756904047, 0.2351173362357373], [0.03633037660758226, 0.07551793135983811, 0.09945499514537641, 0.09750873972267513, 0.48027736558954615, 0.21091059157498207], [0.03322222521008765, 0.09932011502972513, 0.07069404631577714, 0.07656452066229168, 0.4190467898038812, 0.30115230297823714], [0.04970633490507512, 0.15027216653135375, 0.04070549836789776, 0.10376854872377934, 0.21486941388804776, 0.4406780375838464], [0.04033883519894405, 0.09901530859214841, 0.09262768147086307, 0.11678538265339979, 0.3996831803617174, 0.2515496117229274], [0.011517896741334147, 0.12779753797668558, 0.01897153321427313, 0.11451865113032003, 0.16458576432553584, 0.5626086166118512], [0.024604032300373765, 0.09657710316996809, 0.0568068104027204, 0.11534036301436976, 0.23510043877085332, 0.47157125234171465], [0.04385578368331166, 0.08990105941833633, 0.06121660129460395, 0.10208799556544465, 0.3970923386936534, 0.30584622134464995], [0.045734494471760714, 0.09186121004268728, 0.06533106696458064, 0.10572741577014945, 0.36637464657770497, 0.324971166173117], [0.07309691926302309, 0.0671244197972056, 0.09866160789669585, 0.1015405289229619, 0.39291164512538873, 0.26666487899472485], [0.03416331004282846, 0.11465814770689317, 0.08093223758293923, 0.11108680395888183, 0.3255049418881378, 0.33365455882031936], [0.021966846570816205, 0.12288262246402303, 0.031896263754629256, 0.13159174028911072, 0.2758769641078709, 0.41578556281355], [0.04182927856914502, 0.08465336175468625, 0.05065441754281878, 0.09295663969347966, 0.42183015157162707, 0.3080761508682433], [0.04403569666460472, 0.07958264219207917, 0.1214523430209999, 0.10428143174824384, 0.39596182849358963, 0.25468605788048276], [0.05652758682390885, 0.09199799559992991, 0.11253891549801338, 0.0904868485246801, 0.3929546629707259, 0.2554939905827419], [0.03972909034458292, 0.08716020970039032, 0.06582175659790748, 0.086568205604528, 0.4492041865589764, 0.27151655119361506], [0.035946726277872786, 0.059929364008800536, 0.10368914904446523, 0.08252160392124823, 0.5912405247341952, 0.12667263201341802], [0.041094838114778216, 0.0675611330228181, 0.10966744893134438, 0.07107002659301331, 0.5535946000881623, 0.1570119532498838], [0.04947344197559699, 0.07545937978294127, 0.06657698933247855, 0.11522216259981245, 0.39724078687461495, 0.29602723943455567], [0.020513573004964474, 0.1341431903776295, 0.019019586573892192, 0.12698779714344738, 0.2066537046042569, 0.4926821482958096], [0.08251425779052728, 0.1233779204996687, 0.0542710147257297, 0.11605916873072067, 0.1837527047809595, 0.4400249334723942], [0.04900850751427275, 0.12278931307717922, 0.06601400986577018, 0.0961345164875815, 0.36549177127667326, 0.3005618817785233], [0.027036050300743134, 0.09144647228543457, 0.053985079712407104, 0.0851761389628716, 0.36812012739447453, 0.3742361313440691], [0.06638624358057016, 0.056652632702471166, 0.10298857472595398, 0.10590826720270625, 0.3943568799650044, 0.273707401823294], [0.02635959378820677, 0.06190514841473664, 0.09893208510390131, 0.08635177784592354, 0.5120928796453933, 0.21435851520183835], [0.025243006050205456, 0.05138188023272938, 0.09866346013783721, 0.08389365034696061, 0.630763344751003, 0.11005465848126432], [0.03924850846999618, 0.0559220741379321, 0.0786826060354492, 0.11359779732076472, 0.43824332486269435, 0.27430568917316345]], "other_predictions": [[0.6003950387862294, 0.015655586712973738, 0.31897461207180877, 0.03263885563011773, 0.0252511791256748, 0.007084727673195497], [0.5400913792279437, 0.020068388605533637, 0.33620172969728607, 0.04548492976110172, 0.05091095848340708, 0.0072426142247277135], [0.6273720052634878, 0.011940784610672843, 0.3051935560143997, 0.0312107585315397, 0.02159639247212136, 0.002686503107778721], [0.6005756321243484, 0.014830441045489766, 0.32067042533136236, 0.035685853339188084, 0.02363254170013331, 0.00460510645947823], [0.6390384893662678, 0.01751970109479956, 0.26612003623597336, 0.04273572678928178, 0.02882835930938618, 0.005757687204291075], [0.5721646674359013, 0.019263652631261962, 0.33420948591323807, 0.04787345973812773, 0.022071132674283695, 0.004417601607187438], [0.6213396462924685, 0.02287907149199116, 0.2708678442094165, 0.043608816038132325, 0.03653636893499358, 0.004768253032997629], [0.6734146963341419, 0.012620505028375695, 0.25957020068109493, 0.031178749600766765, 0.019187927905791168, 0.004027920449829538], [0.6715522674444144, 0.010583637650079875, 0.2530606729082038, 0.025563628245540572, 0.033341323191285216, 0.005898470560476161], [0.5654712148649954, 0.0170528612752506, 0.3545881587538178, 0.03511076344291034, 0.022687681495562603, 0.005089320167463144], [0.5185558067487912, 0.018619448676174984, 0.36414467849486076, 0.03959519549463778, 0.05325662765246206, 0.005828242933073136], [0.6135751383726576, 0.01786717369479145, 0.2793085174866754, 0.04886045662995744, 0.03310001137894729, 0.007288702436970811], [0.6214035568688341, 0.012818608890131885, 0.30984837463919057, 0.028141107992769643, 0.023483180363220172, 0.004305171245853557], [0.533558014920521, 0.014738317309278801, 0.39396401364389594, 0.03951533698375261, 0.013703859566082235, 0.004520457576469485], [0.6020818642242793, 0.015229646947953153, 0.309170603540055, 0.038961368218058526, 0.030485826421314748, 0.004070690648339198], [0.5402238470136436, 0.017598548274932253, 0.3583512599802961, 0.05748065875437102, 0.019204402725452627, 0.007141283251304401], [0.5774935755585495, 0.016969305651525716, 0.32953344473656704, 0.04553014046692408, 0.025979660001909554, 0.004493873584524238], [0.6280305412118445, 0.014951208195554158, 0.27922575244380254, 0.035081692524383146, 0.03273758007239819, 0.009973225552017295], [0.6218614674092331, 0.019221569640157806, 0.27174393505439887, 0.04438663825627528, 0.03443630736596555, 0.008350082273969448], [0.6092704906547084, 0.015045329156142795, 0.3167084358394561, 0.03089193090374267, 0.020008594042764352, 0.008075219403185917], [0.6001810912933794, 0.012640394249914425, 0.3293167239142012, 0.03395720488774906, 0.019475550734770412, 0.004429034919985397], [0.5426558277412089, 0.013688011194751772, 0.37699524897360404, 0.030888111163042832, 0.028997768643404358, 0.006775032283988103], [0.6069380376882899, 0.02210481243400886, 0.3096696644052041, 0.026157302294041083, 0.025748411984533336, 0.00938177119392298], [0.6232434265206043, 0.017828521316056715, 0.30443378351046596, 0.028803568585048088, 0.02016462071732686, 0.00552607935049805], [0.6637472130216041, 0.011089836956998333, 0.2659255427332994, 0.027021236016248867, 0.028914846528594596, 0.003301324743254542], [0.5435218291928401, 0.01985361128987892, 0.3827693802823945, 0.033023106415429625, 0.017285662502094463, 0.0035464103173622826], [0.6314233911500974, 0.014822185377725684, 0.30311232785653225, 0.02932625559430832, 0.018355564738168097, 0.0029602752831683955], [0.6319177481141598, 0.011126951756006597, 0.28861594986533723, 0.04032811516127006, 0.025088931316715548, 0.0029223037865109304], [0.5852550181378661, 0.01515050578601862, 0.3405607802038041, 0.03916528445992752, 0.017633917912742252, 0.0022344934996413484], [0.5784636369131855, 0.022078272581028662, 0.3292294571755626, 0.03996088638525024, 0.02406217356933598, 0.006205573375637156], [0.6332015414628867, 0.009402359303319698, 0.28222028853694375, 0.031109406232698898, 0.03891539882829945, 0.005151005635851667], [0.5475941102417208, 0.015161361060019642, 0.3809937310029407, 0.032231921595694726, 0.02019350932745573, 0.0038253667721684912], [0.5852832844502263, 0.01623456818487951, 0.31450728211646894, 0.04240400505865842, 0.03630634960156101, 0.005264510588205643], [0.576715462703775, 0.015031411888047849, 0.3352792292959057, 0.034757372941867606, 0.02827177564007901, 0.009944747530324831], [0.5885360174496841, 0.015952407091328984, 0.327394425873612, 0.04514426388177233, 0.020252120790577196, 0.0027207649130254583], [0.6134289415050672, 0.015407507442979413, 0.30622574350018233, 0.028825742691882147, 0.0312619313278844, 0.004850133532004247], [0.5753831860033342, 0.013689753876193655, 0.3519078962138908, 0.03655161481531977, 0.018497633154018468, 0.0039699159372433256], [0.6409050258167442, 0.016209943763316, 0.25267471324032426, 0.027391445953231973, 0.052410028275329396, 0.010408842951053921], [0.5753135790620042, 0.013534359167985384, 0.3271012241156282, 0.04104467649746818, 0.03886107939088338, 0.004145081766030599], [0.6077644514019244, 0.01728025608781453, 0.28038568524199553, 0.03826120239789434, 0.04625407453355927, 0.010054330336811981], [0.5946592114660796, 0.013018978290946491, 0.32106318167052245, 0.035454121176008345, 0.030666701321154857, 0.00513780607528806], [0.5810957354875931, 0.013337135552252185, 0.3168535573008173, 0.04185125234621373, 0.04141812400354696, 0.00544419530957666], [0.6132308478829028, 0.015808459846110977, 0.30318285271108447, 0.03891520048673367, 0.023817080204791286, 0.005045558868376752], [0.6293195149231707, 0.013082061909447452, 0.3019693257764856, 0.024672030974964912, 0.025232832362542493, 0.005724234053388746], [0.6188868515072117, 0.02036247534797403, 0.2870429120847443, 0.03685107170738656, 0.030598153661547202, 0.00625853569113615], [0.5808087034341954, 0.01768091182747223, 0.334366168489528, 0.03478014243187695, 0.026218815554705344, 0.006145258262222074], [0.6072374660275719, 0.01737577322930972, 0.31058081466816095, 0.03751716785093676, 0.022015404788595504, 0.0052733734354250845], [0.5977753102401058, 0.014719384060510616, 0.32038468399631553, 0.03764836948373112, 0.025831906242457618, 0.0036403459768793753], [0.6820430289609903, 0.014702486860207165, 0.2490242485881227, 0.02731363481409215, 0.02325363357747142, 0.0036629671991162582], [0.6351656740023567, 0.020207498910694288, 0.25247565504230335, 0.05445002866835264, 0.03076611991705106, 0.006935023459241958], [0.6098384965786987, 0.011192409255261151, 0.3259825362224811, 0.02340646580788508, 0.021192598781690823, 0.008387493353983123], [0.6064481388928988, 0.018390383601112874, 0.3020565639702705, 0.03174473501980034, 0.03315114779128074, 0.008209030724636624], [0.6370090225070856, 0.011273524068550528, 0.2723846006244372, 0.03945954125073849, 0.03314679471314687, 0.006726516836041399], [0.5534622312523161, 0.019893592863591356, 0.3520854361893995, 0.04024256155116908, 0.02699133231545835, 0.007324845828065748], [0.5780564540538621, 0.022338013800873906, 0.34194181713184674, 0.02965424188606458, 0.02152315859716929, 0.006486314530183398], [0.6484765499505301, 0.008953901038473657, 0.29223016317421835, 0.026219261176683807, 0.01888618045026609, 0.005233944209828104], [0.5957760824596642, 0.01745550821253823, 0.33481932204681486, 0.03063779385757307, 0.014914700554220674, 0.006396592869189094], [0.5746580299957097, 0.014795094259334906, 0.32182576033840987, 0.0439864009716797, 0.03781877007832789, 0.006915944356537953], [0.5586737693507846, 0.014130254229558561, 0.3692211257873422, 0.028869017687203256, 0.023416199433320788, 0.005689633511790651], [0.5931473260797415, 0.013610143348932955, 0.31579348254804096, 0.05038276226122709, 0.022724214874395864, 0.004342070887661603], [0.5421163996358761, 0.018818507122727906, 0.3671630234846518, 0.04836672542884069, 0.01803953942624715, 0.005495804901656314], [0.6316710868155587, 0.016246211396808066, 0.2821846140141574, 0.03733950013075122, 0.024984330172001152, 0.007574257470723486], [0.5815502517517931, 0.026848611562482083, 0.28560294771816147, 0.03746895117969679, 0.06245140670467222, 0.006077831083194329], [0.6149252887180948, 0.017492759613602346, 0.3068898297506235, 0.029962733981245777, 0.025255651309915778, 0.005473736626517806], [0.5663358944616721, 0.02406601402700804, 0.34550838402318906, 0.037751224552136, 0.019561140271031587, 0.006777342664963011], [0.6414195346978835, 0.014549946195327243, 0.26800458217227163, 0.035493031652414055, 0.03109446991811177, 0.009438435363991759], [0.6030360842796034, 0.019679270517743645, 0.3054297306814342, 0.03510064629221777, 0.03397466728088618, 0.002779600948114693], [0.5525208197683853, 0.01732533949486535, 0.3490706419895401, 0.03696319072728507, 0.03271579000540868, 0.011404218014515629], [0.5677382227910799, 0.02481742421041552, 0.3456311630766482, 0.033146267330142795, 0.025590275455431553, 0.0030766471362819385], [0.6528708226367007, 0.010827729821169517, 0.27046861380815007, 0.03337625500785392, 0.024456764161095112, 0.007999814565030945], [0.6380826513644362, 0.016324190037727192, 0.2614083304153592, 0.035431222536969446, 0.04066032307434312, 0.008093282571164786], [0.6673067789992175, 0.010541524016668243, 0.26755429073829995, 0.029594680699397455, 0.020124848026709368, 0.004877877519707396], [0.5975317102888857, 0.016476614505479662, 0.33805453586848033, 0.029873290660797032, 0.015834232374665348, 0.0022296163016918506], [0.589066172972432, 0.01916508407998445, 0.3030675458512806, 0.04540479740056609, 0.03587800746693862, 0.00741839222879813], [0.605531459510533, 0.01905115251917277, 0.28942204844478986, 0.03824378259956153, 0.04226778417775993, 0.005483772748182774], [0.5940332956782272, 0.014592665098530135, 0.31964548313194047, 0.0388758527579606, 0.028077011205758694, 0.004775692127582871], [0.6431864810259641, 0.014423395671617635, 0.2770126118170109, 0.04423954562157583, 0.017409126356963175, 0.003728839506868488], [0.6813150524159753, 0.010591481924476448, 0.24858690314383128, 0.0289197708673158, 0.02372079832209845, 0.006865993326302598], [0.5844135586274453, 0.020922011510076916, 0.3294818467256209, 0.03856688192818477, 0.02433673795324872, 0.0022789632554232274], [0.602138818558502, 0.024857885952071015, 0.27875107666591104, 0.04864420525638071, 0.0399385163371512, 0.0056694972299838105], [0.5869375330420089, 0.01705832591983519, 0.33445683711361035, 0.03503736638609206, 0.02201188186562459, 0.004498055672829069], [0.5942243721021389, 0.017336662934184576, 0.3218208520952085, 0.03378733249196042, 0.026725108127695504, 0.006105672248812188], [0.6149619795119187, 0.011049766420439174, 0.3059665806956748, 0.034856685666221965, 0.02181609060330489, 0.011348897102440383], [0.6395786765740551, 0.00826528966516895, 0.2897248054433418, 0.030963249678296088, 0.026294396803880585, 0.005173581835257462], [0.6467880151704319, 0.017966451132392296, 0.27431188456050404, 0.030234076016808466, 0.02642596231008277, 0.004273610809780335], [0.5845007028987418, 0.019068809978306844, 0.3031396712892905, 0.05176985059619034, 0.03624265524464141, 0.005278309992829034], [0.5838946247177716, 0.016881927020790468, 0.3352631980815281, 0.035369613929809945, 0.023698051711807104, 0.004892584538292676], [0.6407977037085356, 0.015906452572712323, 0.29156142319298095, 0.028288953228277354, 0.017540597893589867, 0.005904869403903747], [0.6073820578674641, 0.016688381882729565, 0.2952937281047331, 0.03736214346261983, 0.03206015027532916, 0.011213538407124302], [0.5828418560371681, 0.014861260575910128, 0.3205510968552899, 0.039558710467683916, 0.03772638703269479, 0.004460689031253182], [0.6907063140542521, 0.016326986769291566, 0.2373495012538675, 0.02423781567191745, 0.028532267914158145, 0.0028471143365134356], [0.6378044990351333, 0.018976571725329884, 0.2875712785433169, 0.03236651609764141, 0.01723081818753322, 0.006050316411045552], [0.6117887685157957, 0.018367905248383325, 0.29877627264772155, 0.03832398493965294, 0.026243800642697816, 0.006499268005748736], [0.7059826556229624, 0.011905944365189457, 0.2207759449492699, 0.028141130902538426, 0.029998297504594155, 0.0031960266554455913], [0.725453441949265, 0.008746817469137552, 0.2101928328738381, 0.02018860581948127, 0.03143825616593831, 0.003980045722339744], [0.6455125306267918, 0.014585277405512681, 0.2731775069953437, 0.027921984935154274, 0.032935389429148955, 0.005867310608048592], [0.6993443297308504, 0.0056479202745154024, 0.23808900268045824, 0.023249072620430557, 0.029054718115761262, 0.004614956577984173], [0.6685032832629022, 0.006360673882307415, 0.2813867791652783, 0.02099763464661967, 0.019882223843668386, 0.0028694051992239314], [0.7438661784624668, 0.008275418065391603, 0.19788403557452663, 0.020312087388498237, 0.026185160556111038, 0.003477119953005777], [0.6603832358489938, 0.008520364006076371, 0.2786475869782924, 0.023690729814625767, 0.02267706099780904, 0.006081022354202633], [0.6914326271185772, 0.013226844459817602, 0.24615436503372815, 0.01988674950001434, 0.022934433816913208, 0.006364980070949513], [0.7643951095778081, 0.007862713828533275, 0.17537244147457046, 0.019040800089480853, 0.027534810246711384, 0.005794124782895813], [0.7466837303911787, 0.006720617884701694, 0.19594416176168983, 0.01806011519636425, 0.02733442155587414, 0.005256953210191364], [0.7800030140821173, 0.010610037073283198, 0.16493033827960954, 0.020695492616955177, 0.01996561046615532, 0.0037955074818796985], [0.7099328495824474, 0.007727955342541114, 0.2377823146807511, 0.01896910890274336, 0.022084454005765416, 0.0035033174857515437], [0.6877450823602176, 0.011842155919241176, 0.2405808306994848, 0.021261982443079523, 0.0284646864155285, 0.010105262162448402], [0.6889737794927768, 0.01045968457002105, 0.24824778044097048, 0.017556237561986092, 0.025731922521211228, 0.009030595413034545], [0.6522614735673787, 0.011690802050969923, 0.28057337782250485, 0.021826673882903092, 0.026995099362217483, 0.006652573314025981], [0.7385956466129909, 0.012982419630694754, 0.19581739829765898, 0.02078094027646148, 0.026444317043933286, 0.005379278138260637], [0.7311041358811419, 0.007647706669710604, 0.22212817537150426, 0.017757576565228517, 0.01742368189341884, 0.003938723618995938], [0.7079347602211867, 0.007544871145072334, 0.22530670056030327, 0.026737090078527277, 0.02554805706577029, 0.006928520929139854], [0.666399631051132, 0.017036516798674357, 0.25312931103338493, 0.028571799306551925, 0.028730369277927412, 0.006132372532329293], [0.6061430768677256, 0.019295153557176054, 0.29951625628396283, 0.03941316144454934, 0.03030342746056922, 0.005328924386016873], [0.6198495916760796, 0.015563369459544696, 0.31141041416823156, 0.029248027416101406, 0.019061044170795224, 0.0048675531092475174], [0.694591273292922, 0.018185052286789474, 0.23561653644251032, 0.02276701440152737, 0.024825570660010482, 0.004014552916240449], [0.6967377702437201, 0.017039443819079562, 0.23990928335600442, 0.021082810108335796, 0.020879217624557963, 0.004351474848302247], [0.6346513180393394, 0.020535740780512027, 0.2853867536618508, 0.029055549246454072, 0.02367987191482476, 0.006690766357018787], [0.6613348891376374, 0.012901714658670531, 0.2626881098084946, 0.025883772849401358, 0.03295796288463726, 0.0042335506611588455], [0.674659473918771, 0.008673545697216671, 0.2316142964317793, 0.029070788213795856, 0.049901816727384585, 0.006080079011052594], [0.7184594633710593, 0.011140641189455656, 0.21391791550093953, 0.023569547067759673, 0.02809949953792119, 0.004812933332864707], [0.623567514714546, 0.01869782998569281, 0.27445942443368215, 0.038351745528682604, 0.039495148511420025, 0.005428336825976474], [0.6825067561882731, 0.009981339309524695, 0.23884067940640452, 0.030125708256556156, 0.0332230856748765, 0.005322431164365039], [0.5788453682397676, 0.01527004061561856, 0.34405503931230313, 0.03680506654526082, 0.022040131365307514, 0.0029843539217423182], [0.6096510978730655, 0.011850366099489414, 0.32535778675029753, 0.02620964862328551, 0.023044583841773443, 0.0038865168120882534], [0.665494701610722, 0.010223662885761204, 0.26901795846768417, 0.030963647658034735, 0.02228852807739599, 0.0020115013004020224], [0.6513095174649198, 0.009797425572489757, 0.2628317011019852, 0.03932522659924972, 0.028435304321076195, 0.008300824940278943], [0.6850306744663415, 0.010260510662017611, 0.2457728763001167, 0.0262311542382768, 0.02856608616856016, 0.004138698164687078], [0.6602495621611076, 0.01071173595754893, 0.27709458810612286, 0.023593211619552138, 0.020605857511343955, 0.0077450446443243694], [0.6688605971193641, 0.015672212985563885, 0.259522297859664, 0.029101410224860826, 0.022571421083845685, 0.004272060726701343], [0.6540734370235165, 0.014143435403997933, 0.26576439487872955, 0.032020761189643615, 0.0272344044310531, 0.006763567073059167], [0.654152915200137, 0.011991893863564381, 0.2796750053419284, 0.0319366434840856, 0.018292595975061957, 0.003950946135222737], [0.6501757077268486, 0.007652703971754413, 0.28505756709146074, 0.02792507299499479, 0.024569848200994962, 0.004619100013946608], [0.6273152107770474, 0.012741221071406303, 0.2941849503851479, 0.034486039421037305, 0.024168413843709453, 0.00710416450165152], [0.7115236024518506, 0.014599486835591332, 0.2267221729753426, 0.021428540210208687, 0.021228132146435666, 0.004498065380571043], [0.6427972362786997, 0.012629544692945749, 0.2945566573576305, 0.025042903345312666, 0.019359007048474236, 0.005614651276937123], [0.6438256395938353, 0.01064706326041508, 0.28936375359071353, 0.025919003723027138, 0.02456436034321034, 0.005680179488798508], [0.6347835812120701, 0.013127772536065818, 0.28803676612653045, 0.03313062884831401, 0.026213536912879584, 0.004707714364139923], [0.6895098284830826, 0.009142233125650514, 0.2279781072486189, 0.035638220186899855, 0.03236763939074282, 0.00536397156500526], [0.6856427638270435, 0.012926966798662315, 0.24864035869092987, 0.02705558104774014, 0.021477687766201715, 0.004256641869422338], [0.6811226459199449, 0.010361318809738373, 0.2588857317618872, 0.019361169728824585, 0.02502903439421045, 0.0052400993853945555], [0.6378381095863819, 0.013774671902322127, 0.2928605284136116, 0.032191209346945186, 0.020527438084620108, 0.002808042666119152], [0.5962897266603155, 0.01807094379231362, 0.3242339700662585, 0.031752154280469215, 0.02464433662670659, 0.005008868573936525], [0.698894268517331, 0.01282130704150034, 0.22884355641522017, 0.03040557522588393, 0.025424181478048195, 0.0036111113220160945], [0.6345895875233035, 0.012230222122029689, 0.2911089613479643, 0.0332890061021135, 0.024863001083247953, 0.003919221821340905], [0.6670858424719375, 0.010528927535493365, 0.27159076775913876, 0.022619098448031966, 0.02427867598323149, 0.0038966878021672573], [0.6484816131822577, 0.012538618094053967, 0.27141429195779376, 0.03428063184669289, 0.028433417684709993, 0.004851427234491721], [0.6831688551994058, 0.014571494875815756, 0.23963439724569624, 0.033342316168051854, 0.024480400920936226, 0.004802535590094098], [0.6998170344074258, 0.010815886857886314, 0.24499178533728008, 0.02253096329633683, 0.017055606163711386, 0.004788723937359635], [0.6849424805041417, 0.009013470638329716, 0.23620523578423186, 0.030415547095022748, 0.029615054469409617, 0.009808211508864332], [0.6644499488219462, 0.014252474385818864, 0.2563252890562263, 0.032915288808605864, 0.02506202278058913, 0.006994976146813732], [0.6773600672666836, 0.013627736201610147, 0.25681520171837946, 0.025967705998107545, 0.02013751576968614, 0.006091773045532951], [0.7354487948477656, 0.006946229173900082, 0.20567653405119643, 0.026810430719110656, 0.019599593927255098, 0.005518417280771877], [0.6588607364520241, 0.014914604999846013, 0.2697612260004633, 0.023847942743310934, 0.02737002417602825, 0.005245465628327127], [0.706712075910267, 0.010062237225993191, 0.21522478560960648, 0.030144784379559246, 0.033592266366332925, 0.004263850508241019], [0.6933212126461966, 0.007553329992646594, 0.23804395632262892, 0.031270253415796916, 0.026076779747868827, 0.0037344678748618167], [0.7044333328995667, 0.014012542194830838, 0.21789166180690314, 0.02876750775969405, 0.024962411759004294, 0.009932543580000909], [0.6843956814709051, 0.011950783529329769, 0.2586962723330912, 0.025208580389530465, 0.015157924689752323, 0.004590757587390945], [0.7499114910318343, 0.0073137300658315755, 0.18815469513911728, 0.01834786193686969, 0.030570185597051665, 0.005702036229295498], [0.7162171224846993, 0.010390358284375695, 0.21783406401587402, 0.02628912886249986, 0.025259865286502856, 0.0040094610660481], [0.7012043428762088, 0.0074840148735501235, 0.24151046526131806, 0.0230233990034296, 0.02225867307428133, 0.004519104911212045], [0.6962141909878948, 0.01115698078594346, 0.24542728772506672, 0.018804241270550713, 0.024252357485243094, 0.004144941745301397], [0.6848684411401347, 0.011423190830750182, 0.25848597768742027, 0.019872590761634647, 0.02265918241979196, 0.0026906171602683873], [0.7002590655867426, 0.00968914169736192, 0.23459194249432513, 0.021661871144954953, 0.029601615873919743, 0.004196363202695729], [0.6661411667733933, 0.010276198329735304, 0.264950780209846, 0.028967128135669373, 0.02565953662496411, 0.004005189926391894], [0.6576941113778536, 0.010317633820358395, 0.2915925932810039, 0.018222458951147134, 0.01811760898981591, 0.004055593579820895], [0.6621889995225081, 0.011632743209001817, 0.27018674115504476, 0.03080692196970196, 0.021303759644204053, 0.00388083449953919], [0.7096821624720637, 0.007941579627802606, 0.23565250031575125, 0.023506498839707415, 0.017698441093193407, 0.005518817651481675], [0.681254985250004, 0.013296493913342875, 0.24049663922846432, 0.03630595277563374, 0.02499361743842534, 0.0036523113941294085], [0.6951324924595198, 0.014055232861479283, 0.23524314735944116, 0.027251825350855772, 0.022115950682288103, 0.006201351286415874], [0.6814354415293766, 0.009040442655850292, 0.24698635668451308, 0.028499308888614825, 0.0300367345270157, 0.004001715714629468], [0.685874094108442, 0.01320136327073464, 0.24052031025322673, 0.026059678841670493, 0.02662462849586051, 0.007719925030065508], [0.7788686376627589, 0.007959816227072132, 0.1587558350720987, 0.019283118672663777, 0.029272629994357015, 0.005859962371049519], [0.7269415986536693, 0.011580831258168198, 0.20948810630599815, 0.028300415476959332, 0.020471385602040534, 0.0032176627031644763], [0.6729692739075706, 0.011548087400919617, 0.2680352789679876, 0.025757866652012323, 0.018300391772820657, 0.0033891012986894758], [0.7218144097210801, 0.009376598319385985, 0.21489756300149318, 0.023965180659761384, 0.026290538557047837, 0.0036557097412313953], [0.670716347563257, 0.013583752241815274, 0.2618018952878632, 0.0232625146136015, 0.02740372889033186, 0.0032317614031310785], [0.6712503009108761, 0.010271740044155592, 0.25435327049025075, 0.028089839485132384, 0.030573857099783903, 0.005460991969801217], [0.707173491077602, 0.015758151249340328, 0.20983413850649643, 0.02720388035801036, 0.034805427782070186, 0.005224911026480455], [0.6732640274609086, 0.012084018728525143, 0.2507304235635251, 0.024984405692296926, 0.0318212336591418, 0.007115890895602156], [0.7332271811655441, 0.007576154769677641, 0.21581194331956896, 0.022626069598559177, 0.017188601732086885, 0.003570049414563055], [0.7146775836572723, 0.011960427211562477, 0.20676732608510115, 0.031315724713255035, 0.031880701830397824, 0.0033982365024113792], [0.7080988476916278, 0.010757160962357529, 0.23359381719532796, 0.018541640272061448, 0.021944073035437335, 0.007064460843188195], [0.6692122817216842, 0.010431298926682594, 0.2505989805063596, 0.029317052613563547, 0.03766456732613737, 0.002775818905572634], [0.7032337733105052, 0.010355213619057954, 0.22371309591382815, 0.036186777499486754, 0.021360346470254667, 0.005150793186867289], [0.6794432146400614, 0.018425215741990138, 0.2373110026331835, 0.02975245927213824, 0.028382382370865395, 0.006685725341761448], [0.7319753403692141, 0.007953272731400528, 0.19938726269224322, 0.031961375108350065, 0.022133434004395665, 0.006589315094396452], [0.6577742640652428, 0.01482613906752168, 0.2703113901919424, 0.02990318463338875, 0.023882140011692237, 0.0033028820302123383], [0.6201347949302208, 0.013861839771815055, 0.3038175481901534, 0.03156229447028343, 0.020754078474238526, 0.009869444163288712], [0.6783690730894159, 0.009751759001673901, 0.2478637670537046, 0.0351897261306794, 0.024058334443835545, 0.004767340280690822], [0.6624742798927608, 0.014045319568557214, 0.26903632114341997, 0.026176774969118802, 0.02357427087748595, 0.004693033548657294], [0.6975967741304847, 0.015145288436405703, 0.22900847194722618, 0.025241196938910956, 0.027999578661930587, 0.005008689885041818], [0.7030568333523401, 0.012606244482120967, 0.22696753955965673, 0.025191079937744804, 0.0261178961875958, 0.006060406480541584], [0.6903214839611634, 0.011163635131950568, 0.24542050150073424, 0.025739351528004144, 0.023556421651677255, 0.0037986062264701924], [0.7532002057730715, 0.009288224273667597, 0.17508368469417, 0.02344846513834852, 0.03391186996363875, 0.005067550157103803], [0.652069439690411, 0.011286561281330588, 0.2847596520566402, 0.0303892031923938, 0.01860827468903533, 0.002886869090189077], [0.7086557075527087, 0.010557354481679328, 0.2357765000598094, 0.024410223524486692, 0.016058962214752136, 0.004541252166563633], [0.7117036422468231, 0.013906294463197529, 0.20606539863478368, 0.028831221752822912, 0.035987961699341535, 0.003505481203031298], [0.7089952778258702, 0.00857984489855453, 0.22670169757778638, 0.02334924628171661, 0.02700397565200655, 0.005369957764065596], [0.671250435366659, 0.013370321790167344, 0.2525992101979282, 0.0324118641175964, 0.026068647591059618, 0.004299520936589388], [0.6660163699186515, 0.011468925569943248, 0.2601157411691163, 0.027057183129252, 0.030721358637068465, 0.0046204215759684], [0.5941984321774233, 0.018726105255568677, 0.3003649658649104, 0.038944493072330645, 0.044609693466435965, 0.0031563101633310057], [0.6398405968302744, 0.010876964642365641, 0.2894531626339414, 0.027968434549351107, 0.028096988259166625, 0.003763853084900823], [0.6037309989320679, 0.008692436546711885, 0.3218399676918633, 0.035546825172327434, 0.026187040287162625, 0.0040027313698670535], [0.6153420970452452, 0.015868138727988167, 0.2898801591807207, 0.04502626688429811, 0.03010762457271291, 0.0037757135890347914], [0.6889994623245085, 0.008890490037350965, 0.24916709555047975, 0.024287003727978675, 0.02459393577677667, 0.004062012582905509], [0.7457924520733574, 0.014646479569254129, 0.18922196309837103, 0.021298821649002375, 0.0208985404414357, 0.008141743168579331], [0.7057560561104592, 0.009771433518356206, 0.22279184306683383, 0.03047496526082367, 0.023074821472444038, 0.008130880571083085], [0.7371850420419431, 0.00984459401192591, 0.19271485039906594, 0.023014548010470988, 0.029092363448385002, 0.008148602088209025], [0.7429494887156499, 0.009601274516548335, 0.19424485810607617, 0.02813284699081984, 0.021374107115515864, 0.003697424555389688], [0.6485775595024004, 0.014871827262156093, 0.2841673858261972, 0.023876153684769023, 0.0234151855200821, 0.005091888204395004], [0.7541664868730108, 0.00970770611627825, 0.19089436944268884, 0.022906546332544155, 0.019702778547144566, 0.0026221126883335224], [0.7002184731243305, 0.008438152295797346, 0.2311894474832952, 0.02944162928211645, 0.026254162826987434, 0.00445813498747312], [0.7243146320428359, 0.011880587695894515, 0.19213189491480473, 0.03129991131246968, 0.03633849719786278, 0.004034476836132583], [0.6492111082250079, 0.016930387658045266, 0.27710889770661545, 0.03566685542395141, 0.016728236063371798, 0.004354514923008049], [0.6674046383153059, 0.011535551838984512, 0.2630099432447261, 0.03137599997799981, 0.02064674558424208, 0.006027121038741543], [0.7240829972298575, 0.009994443640808637, 0.21347632432690816, 0.02928104977355333, 0.02014731837238356, 0.003017866656488884], [0.7512018868248302, 0.009874240786389394, 0.18471734656941374, 0.018169461676280294, 0.030177140199295963, 0.005859923943790342], [0.7813938989394876, 0.010737686748142121, 0.14898943022503036, 0.022951838368538324, 0.02958537941707953, 0.006341766301721838], [0.6487522458125996, 0.012801908120197217, 0.2780896345160689, 0.034203564321707985, 0.02323026289332908, 0.0029223843360970825], [0.6320798986096839, 0.01507019610734697, 0.2992199164478794, 0.026113272581854575, 0.02151108622229925, 0.0060056300309354995], [0.7114618508873488, 0.012761256039736853, 0.207970852796149, 0.03131792994430016, 0.02821345533244353, 0.008274655000021466], [0.7157454424128706, 0.013118363262854812, 0.20624834512286752, 0.03539778082812424, 0.026488308774861, 0.0030017595984217324], [0.7232868976771814, 0.010717605601674765, 0.19731710570916902, 0.025596603725845022, 0.038458924300229874, 0.004622862985899843], [0.6931021321623403, 0.012212642321237293, 0.2504772826874589, 0.02383992265982899, 0.016282426113980283, 0.004085594055154435], [0.6904431821027095, 0.014858793798909977, 0.24240993320611046, 0.02396535509048859, 0.022759215905728495, 0.005563519896053096], [0.6962219884089588, 0.017856435063605156, 0.23953168012719447, 0.020297831864401004, 0.020506306980461266, 0.005585757555379516], [0.7115872075192693, 0.008602301931655475, 0.21038744021178227, 0.0320025095265111, 0.0328688104173176, 0.004551730393464232], [0.6790045089701948, 0.011586314402140809, 0.24907608676509616, 0.026078949946466506, 0.02796206158034314, 0.006292078335758564], [0.6584082520934591, 0.01650581739667956, 0.27690527122127323, 0.02334628845415767, 0.018586746747336742, 0.006247624087093911], [0.6910716937970314, 0.01733730306893329, 0.23143680236625552, 0.028963657754413192, 0.027007536136716387, 0.004183006876650269], [0.7282437223872305, 0.015543593628298335, 0.19787522177004752, 0.029548723269035907, 0.024233420687762366, 0.004555318257625654], [0.6933241624049382, 0.012854290982500443, 0.23800944301415455, 0.025107611112474556, 0.024351395524873705, 0.006353096961058512], [0.7010975361210309, 0.015516494103675822, 0.2082774326012301, 0.03304650896059656, 0.03153331532043768, 0.01052871289302879], [0.7110804365104259, 0.00955532128565977, 0.2244672040598488, 0.02140809634394919, 0.028753521577036232, 0.004735420223080368], [0.6615999804912887, 0.019496314684845216, 0.24848220670079302, 0.03657453199316489, 0.027681523538419114, 0.006165442591489025], [0.64246638688796, 0.009141805727738678, 0.29731476359530973, 0.024292837340021474, 0.018596020603677894, 0.008188185845292097], [0.6941349280422249, 0.008783612350910458, 0.2292960959783411, 0.02839437456323988, 0.0345158567267483, 0.004875132338535405], [0.7489003847839504, 0.009810645992159724, 0.18066716797487284, 0.02757310710491402, 0.02598695062869587, 0.007061743515407253], [0.6380556088936005, 0.021399764069777283, 0.2727604457577178, 0.042874035155511504, 0.02053756349034738, 0.004372582633045387], [0.7005231588633462, 0.011774140645319628, 0.22111634864592974, 0.02797518876484288, 0.03466262727904013, 0.0039485358015215015], [0.6662770879191348, 0.01327936067925807, 0.2636698394328624, 0.027570942214410196, 0.024180285768266183, 0.00502248398606855], [0.67075097738492, 0.013960413481287555, 0.2653529444657985, 0.025102470467824566, 0.020547254610006716, 0.0042859395901628], [0.6716979454857953, 0.007927289576059494, 0.26627034775127145, 0.020968570542487724, 0.029220321470419138, 0.003915525173966851], [0.6963081552459308, 0.013223459392569454, 0.23164604553788518, 0.029091437994032122, 0.02345227958277887, 0.0062786222468035405], [0.6270411828295284, 0.01232820748726411, 0.29768491734674984, 0.036157391539368755, 0.021043686747455936, 0.005744614049632892], [0.6352082728977333, 0.01670098830746964, 0.2792541398979488, 0.033513877736786775, 0.028961341334999228, 0.006361379825062414], [0.66730742232