{"perplexies": {"3": 34369.68991565508, "4": 34353.20976205279, "5": 34438.58807962005, "6": 34604.176418345996}, "log_likelihoods": {"3": -346966918.96439654, "4": -346950986.8907661, "5": -347033443.1584397, "6": -347192783.2001315}, "topic_predictions": {"3": [[0.26161851143032927, 0.03194373283070266, 0.706437755738968], [0.2574847729148775, 0.0632741892591604, 0.6792410378259621], [0.2608101783481301, 0.02319808607997749, 0.7159917355718924], [0.2698274390549004, 0.026503271689821455, 0.7036692892552783], [0.28986293290435317, 0.024768261593700276, 0.6853688055019466], [0.275794811522769, 0.03027576499557516, 0.6939294234816558], [0.2802905218919325, 0.03565521205312102, 0.6840542660549465], [0.27115732974665624, 0.017194113669565535, 0.7116485565837782], [0.2568289087834997, 0.030344154740218607, 0.7128269364762818], [0.253784641713593, 0.03127342472030597, 0.7149419335661009], [0.24187580846687853, 0.06867227391275334, 0.6894519176203683], [0.2803667593543486, 0.03776961297292621, 0.6818636276727251], [0.2637155509578903, 0.026643724202858883, 0.709640724839251], [0.24651421978772858, 0.027039141264473186, 0.7264466389477984], [0.25988959929648037, 0.0338488950099729, 0.7062615056935467], [0.2914996373662304, 0.03338181428686257, 0.675118548346907], [0.2755694355227192, 0.03408197744241445, 0.6903485870348663], [0.26240872812355315, 0.03640318314143831, 0.7011880887350086], [0.2820079012415201, 0.03780511268606757, 0.6801869860724122], [0.2655456846874115, 0.0236474050548158, 0.7108069102577727], [0.2611068154137497, 0.024585063010497257, 0.7143081215757531], [0.2435481714451496, 0.042550953516845055, 0.7139008750380054], [0.2580103737251774, 0.03327324495164212, 0.7087163813231804], [0.2700253693117445, 0.02497533515848925, 0.7049992955297663], [0.2602851698144501, 0.027431174696307247, 0.7122836554892427], [0.25232859693292525, 0.028238724667811823, 0.7194326783992628], [0.2643826545589678, 0.021130912757581846, 0.7144864326834502], [0.26999145351402515, 0.025539181138638147, 0.7044693653473367], [0.27132010349316843, 0.024746245379445517, 0.7039336511273862], [0.27335792838101247, 0.035019843556650256, 0.6916222280623373], [0.25034437222694506, 0.03707358756706114, 0.7125820402059938], [0.24976786228922446, 0.03360333763134758, 0.716628800079428], [0.26837204041745794, 0.04345440102588234, 0.6881735585566596], [0.2571635259365577, 0.039804887217153105, 0.7030315868462892], [0.2674883186216667, 0.025354823329081837, 0.7071568580492514], [0.2569474084194647, 0.03791261220829435, 0.705139979372241], [0.2556949197218667, 0.02697856636939043, 0.7173265139087429], [0.25122866590969667, 0.05480517900572347, 0.6939661550845798], [0.2583963223971348, 0.04304862691531212, 0.6985550506875532], [0.2725293037374271, 0.0503341214371396, 0.6771365748254333], [0.25799200301318886, 0.035514962414280614, 0.7064930345725305], [0.26399520306819785, 0.04689567597819975, 0.6891091209536023], [0.2705030365938309, 0.027578646101402864, 0.7019183173047664], [0.2512759465431297, 0.02967411769133166, 0.7190499357655387], [0.28153287195468135, 0.030458020416464518, 0.688009107628854], [0.2619404190883878, 0.03684780472517892, 0.7012117761864333], [0.2749654832889947, 0.027551533299560532, 0.6974829834114448], [0.26220410736381083, 0.03099646305640588, 0.7067994295797834], [0.2745399736242982, 0.02123988798543264, 0.7042201383902691], [0.2929174302323152, 0.031992433578979365, 0.6750901361887055], [0.23969181975486356, 0.0296080897454291, 0.7307000904997073], [0.26211149612338885, 0.038433751932489386, 0.6994547519441217], [0.2675287282742391, 0.030795726812125265, 0.7016755449136356], [0.261670546663769, 0.038468225283347986, 0.6998612280528831], [0.2638803428887939, 0.03139486374595782, 0.7047247933652482], [0.25356264490830294, 0.022812594982334886, 0.7236247601093623], [0.25858508962572574, 0.021959589095675507, 0.7194553212785988], [0.2664245369599093, 0.04399282534629433, 0.6895826376937964], [0.2420015320375221, 0.03820784599180239, 0.7197906219706757], [0.2769769249950237, 0.028358242527158496, 0.6946648324778179], [0.2736761631654492, 0.029706075836672667, 0.6966177609978782], [0.2807202161585656, 0.026440577406493974, 0.6928392064349403], [0.26090528293910586, 0.06546899930127288, 0.6736257177596213], [0.2632253507862147, 0.028787558437344707, 0.7079870907764405], [0.275300570063683, 0.0276719616174001, 0.6970274683189168], [0.2764211804320749, 0.03334833474783543, 0.6902304848200898], [0.26387832210592754, 0.037499914447073346, 0.6986217634469991], [0.2590136332887182, 0.046619867464443944, 0.6943664992468379], [0.2679881884071954, 0.03286562822058373, 0.6991461833722208], [0.2690722143201698, 0.02336934515832062, 0.7075584405215096], [0.2744598857941212, 0.0394364760148816, 0.6861036381909973], [0.27037518985471504, 0.019642090081621696, 0.7099827200636633], [0.26010699972154394, 0.020176596437326992, 0.719716403841129], [0.27647338397676574, 0.04462486370372504, 0.6789017523195092], [0.2673396282595723, 0.04598832701765865, 0.6866720447227691], [0.266526440262073, 0.035122795040048886, 0.6983507646978782], [0.29490813140456895, 0.016687919440769472, 0.6884039491546616], [0.2751121236424721, 0.021805442027956534, 0.7030824343295712], [0.26687479658717017, 0.031320815921664906, 0.7018043874911649], [0.2859167347355276, 0.041857019243118146, 0.6722262460213543], [0.26901212458623835, 0.02855251679641801, 0.7024353586173437], [0.2610601018594074, 0.03332260945847961, 0.705617288682113], [0.2586125299438813, 0.028969207772538707, 0.71241826228358], [0.25732676320919107, 0.026549434214067955, 0.716123802576741], [0.26908296620969024, 0.028132676585415087, 0.7027843572048947], [0.2716135574092533, 0.04223196473933253, 0.686154477851414], [0.25487616888194004, 0.03197057793247135, 0.7131532531855885], [0.26230020255502584, 0.021518878935553418, 0.7161809185094207], [0.27010998624872745, 0.03710998025949003, 0.6927800334917826], [0.2564093708295645, 0.0447937211218914, 0.698796908048544], [0.26707562114160616, 0.024259471195105322, 0.7086649076632886], [0.2770264142803941, 0.020460851498614617, 0.7025127342209913], [0.277669342521609, 0.027123096975659094, 0.6952075605027318], [0.2658450212595814, 0.023573883335853894, 0.7105810954045646], [0.2560096650295808, 0.02264190683306283, 0.7213484281373564], [0.2537728848361296, 0.03459416659555889, 0.7116329485683116], [0.25200477337122146, 0.025406692226615384, 0.7225885344021631], [0.24484786933264147, 0.020582196621251374, 0.7345699340461073], [0.2602317410108627, 0.018627992078619367, 0.7211402669105179], [0.25341773014017815, 0.024066714714072943, 0.7225155551457489], [0.262239083533286, 0.020741450907907397, 0.7170194655588067], [0.26694942516929354, 0.017982283325325046, 0.7150682915053814], [0.25293281298138387, 0.01956902804199584, 0.7274981589766203], [0.278007999830518, 0.01314668884750549, 0.7088453113219765], [0.2539008703012518, 0.018059042787564553, 0.7280400869111836], [0.2606167902226747, 0.02677647531032829, 0.712606734466997], [0.24843082326310062, 0.02400134758607323, 0.7275678291508261], [0.2516872864649696, 0.028783650799471174, 0.7195290627355593], [0.2706249441389759, 0.01916400677636144, 0.7102110490846627], [0.260564560109734, 0.01478154447377783, 0.7246538954164882], [0.26362662421297683, 0.01913505457913185, 0.7172383212078913], [0.2695076963420533, 0.02743608210101052, 0.7030562215569363], [0.27130213111792284, 0.035675430916107954, 0.6930224379659693], [0.25905602102981734, 0.021592699439785343, 0.7193512795303972], [0.2690163845919325, 0.022479388786501586, 0.7085042266215659], [0.2664887918475246, 0.017625853956757066, 0.7158853541957182], [0.2720563606867742, 0.025183897181191565, 0.7027597421320342], [0.25426633473349675, 0.02993499203150193, 0.7157986732350013], [0.25640915425202687, 0.04221160899909107, 0.7013792367488819], [0.2708134652765191, 0.021011769753522785, 0.708174764969958], [0.26363279617311497, 0.04098622072094827, 0.6953809831059368], [0.25846102326668075, 0.02946349854887482, 0.7120754781844444], [0.26473082684333915, 0.02983785719361254, 0.7054313159630483], [0.25468119519625987, 0.026781438470104536, 0.7185373663336357], [0.26308612576370244, 0.021234946442299854, 0.7156789277939978], [0.27258313629904174, 0.029140552231795337, 0.6982763114691629], [0.2563996324985708, 0.023559918360221543, 0.7200404491412078], [0.2528018112011582, 0.020775553040432514, 0.7264226357584093], [0.2658900846413078, 0.02152899479117599, 0.7125809205675161], [0.2713301721409086, 0.027877447267125082, 0.7007923805919664], [0.2710997831656224, 0.019493453337769646, 0.7094067634966078], [0.2466269259115677, 0.025538535597214713, 0.7278345384912176], [0.26693928963311486, 0.025932945671814242, 0.7071277646950709], [0.2746846666706679, 0.01679464083295735, 0.7085206924963747], [0.2563971279843804, 0.024195167230765594, 0.7194077047848539], [0.2622994828839821, 0.025356947409267316, 0.7123435697067506], [0.2556025569531748, 0.02516436164926807, 0.7192330813975573], [0.27575496803378674, 0.026873789522382136, 0.6973712424438312], [0.26774734070524714, 0.017151076032265403, 0.7151015832624874], [0.25311504378300564, 0.024341828580440622, 0.7225431276365538], [0.2671233864983012, 0.020102954050210887, 0.7127736594514881], [0.2559915324191707, 0.029705952128291715, 0.7143025154525375], [0.277370692223717, 0.019784098763082285, 0.7028452090132007], [0.2632136584212822, 0.02453662922379946, 0.7122497123549183], [0.2522254123581516, 0.022106900544835512, 0.7256676870970128], [0.27222261137309073, 0.02847628882776307, 0.6993010997991462], [0.27096829686199886, 0.020274994498179773, 0.7087567086398214], [0.2571747547346039, 0.01603373015124835, 0.7267915151141479], [0.27444401948843083, 0.02799906834391691, 0.6975569121676523], [0.27334169192126495, 0.023614614137965954, 0.703043693940769], [0.2611490697290631, 0.01972137532306696, 0.71912955494787], [0.2708405870056121, 0.014623194807821304, 0.7145362181865665], [0.261921848412873, 0.024816002309134694, 0.7132621492779923], [0.27246040721622033, 0.025157134476841952, 0.7023824583069378], [0.2647076489515107, 0.022704090322313776, 0.7125882607261755], [0.2823945303178896, 0.021548009360286294, 0.6960574603218241], [0.2676120316521434, 0.014392469102272503, 0.7179954992455841], [0.2600895766196972, 0.02334361353945845, 0.7165668098408444], [0.2702885127847422, 0.01994727968724534, 0.7097642075280123], [0.25416370706212776, 0.02023058785030237, 0.7256057050875698], [0.25780167224091405, 0.02250693989835103, 0.7196913878607349], [0.25531425672091007, 0.021055176343610066, 0.7236305669354799], [0.2586009443590768, 0.02530089057342586, 0.7160981650674973], [0.2599801901407572, 0.025154040073196673, 0.7148657697860461], [0.2421832166270861, 0.018992814324864438, 0.7388239690480495], [0.2744748012316279, 0.020441627748352908, 0.7050835710200192], [0.26991958987453746, 0.01656890409235487, 0.7135115060331075], [0.27994042524737567, 0.020051727880459783, 0.7000078468721647], [0.2778863796372574, 0.01887261245054497, 0.7032410079121976], [0.25916917947178303, 0.02583788700354228, 0.7149929335246747], [0.26972404314532616, 0.022850255402846704, 0.7074257014518271], [0.2652372203631595, 0.018429771001553928, 0.7163330086352865], [0.2767549646545944, 0.016031876670839194, 0.7072131586745665], [0.2622860766091212, 0.017276652256279376, 0.7204372711345994], [0.2632518818875107, 0.020339309166831736, 0.7164088089456575], [0.255438439540211, 0.02528701147134363, 0.7192745489884453], [0.2521665280188858, 0.030016410411823288, 0.717817061569291], [0.27430368894121904, 0.02742544758914496, 0.6982708634696361], [0.26558187525019483, 0.0300186800204111, 0.7043994447293942], [0.26488565078358106, 0.013194840049797731, 0.7219195091666213], [0.28097721427212796, 0.024099561352522093, 0.69492322437535], [0.24935866432500498, 0.01864638905419404, 0.7319949466208011], [0.2611531336656375, 0.03237761142103534, 0.7064692549133272], [0.2888844404689633, 0.01744798830179261, 0.6936675712292442], [0.2839964794447228, 0.025617541162503917, 0.6903859793927734], [0.2798393047948813, 0.017638596947660165, 0.7025220982574587], [0.26632725924452955, 0.024810000752419334, 0.7088627400030512], [0.2711251903232482, 0.024563751886822725, 0.7043110577899291], [0.2761425998056947, 0.02189581956184904, 0.7019615806324563], [0.26776415689565136, 0.02225419734781307, 0.7099816457565356], [0.26432323518951434, 0.02413049645641588, 0.7115462683540699], [0.26740102329825116, 0.021609170516909883, 0.710989806184839], [0.2621328588529227, 0.020022373317536556, 0.7178447678295407], [0.27319591822317335, 0.019909743440781943, 0.7068943383360446], [0.2646478535761424, 0.0194710089820384, 0.7158811374418192], [0.266720821678231, 0.01500515369696858, 0.7182740246248004], [0.2738527863578196, 0.02437094917202425, 0.7017762644701562], [0.25430094986169677, 0.02200857114641047, 0.7236904789918928], [0.27056700563762126, 0.024102069209398693, 0.7053309251529799], [0.25843239381142463, 0.029213764425743954, 0.7123538417628313], [0.26370849214832864, 0.04383480102752701, 0.6924567068241444], [0.24898499129204216, 0.0284600338636217, 0.7225549748443361], [0.2547103171086655, 0.028814865707544747, 0.7164748171837898], [0.27040486832426885, 0.03356589474038401, 0.6960292369353472], [0.2631088736891523, 0.02124291327445551, 0.7156482130363923], [0.27884785711317284, 0.014977377393216565, 0.7061747654936106], [0.2662437276827847, 0.022063246130543022, 0.7116930261866722], [0.2744139618632827, 0.020376590339145927, 0.7052094477975714], [0.2785828532253661, 0.016140961138326745, 0.7052761856363072], [0.2560937965387183, 0.024765072859845555, 0.7191411306014361], [0.27925403416569605, 0.012462043456369807, 0.7082839223779342], [0.2608519637125687, 0.021928454756848095, 0.7172195815305832], [0.27819295604514693, 0.024050755255330035, 0.6977562886995229], [0.2838026670092453, 0.01823056591035663, 0.6979667670803981], [0.274278143598214, 0.01886108085704941, 0.7068607755447365], [0.26868489538770035, 0.014730369596765016, 0.7165847350155347], [0.2653849334697844, 0.021866263993834144, 0.7127488025363814], [0.2772910373132446, 0.020011161256312946, 0.7026978014304425], [0.27029351348405417, 0.021834318631634087, 0.7078721678843116], [0.2564937821290562, 0.02516038525222332, 0.7183458326187204], [0.2885453529152817, 0.022004325053917383, 0.6894503220308008], [0.28851057738354935, 0.019427892631180246, 0.6920615299852704], [0.27082366845246775, 0.029240621753643246, 0.699935709793889], [0.2760880400710383, 0.015654425743151547, 0.7082575341858102], [0.26747177287230095, 0.020971082063828965, 0.71155714506387], [0.2657162388523395, 0.017480600252654552, 0.7168031608950058], [0.2793988209451488, 0.022726046013295, 0.6978751330415561], [0.2642145676648175, 0.026763858088642636, 0.7090215742465398], [0.27206149823552456, 0.018917421821175555, 0.7090210799432999], [0.2757229862527614, 0.02162990670506571, 0.7026471070421728], [0.2828875932604336, 0.01834291483512356, 0.6987694919044428], [0.2646190105325424, 0.019256748707150176, 0.7161242407603076], [0.2883666592182548, 0.02689469004702859, 0.6847386507347165], [0.24853216599532066, 0.023308098388243943, 0.7281597356164353], [0.27867203505914884, 0.025949283200555156, 0.695378681740296], [0.25928299896602186, 0.023205036593385076, 0.7175119644405931], [0.2667111562110542, 0.02856227566275092, 0.7047265681261948], [0.28313133525027406, 0.01604391629678062, 0.7008247484529453], [0.2930175551327743, 0.021313084408617074, 0.6856693604586087], [0.2699060236674026, 0.026180462419417367, 0.7039135139131801], [0.26930289299992477, 0.024587993939994255, 0.706109113060081], [0.25832221318354504, 0.022385682244751792, 0.7192921045717031], [0.2463140901919871, 0.027000785626078563, 0.7266851241819343], [0.2792145195034183, 0.021331516668401603, 0.6994539638281801], [0.27553452118144056, 0.0236181756623624, 0.7008473031561969], [0.269726875278233, 0.029880608015363765, 0.7003925167064032], [0.27607719720661555, 0.027977367174468266, 0.6959454356189162], [0.2754410757179538, 0.012343059381988743, 0.7122158649000575], [0.2674393598214733, 0.022635996554465805, 0.7099246436240608], [0.25840385260967247, 0.024543240773224277, 0.7170529066171032], [0.26381694296132213, 0.029487373223936023, 0.7066956838147418], [0.2634458595241898, 0.025833801632573993, 0.7107203388432362], [0.25716272572720833, 0.02294622689712593, 0.7198910473756657], [0.27361196781291897, 0.023270448836119118, 0.7031175833509621], [0.2702793213514782, 0.022215733993879678, 0.7075049446546422], [0.2584202819655743, 0.021827947199198377, 0.7197517708352272], [0.27415901407514937, 0.023012886114265472, 0.7028280998105851], [0.2708114183072891, 0.020592534925902302, 0.7085960467668087], [0.2695509789200298, 0.02999595368617072, 0.7004530673937994], [0.284488458726695, 0.025847009967021533, 0.6896645313062836], [0.2703745970741679, 0.02456331819592801, 0.7050620847299041], [0.281098782555362, 0.015154488615540201, 0.7037467288290977], [0.2756987011329555, 0.015805132475381362, 0.7084961663916631], [0.26059817093715304, 0.023784390051633814, 0.7156174390112132], [0.2641528194811102, 0.02536811994410536, 0.7104790605747845], [0.26636168105743124, 0.019081030848355173, 0.7145572880942135], [0.26403986636866983, 0.020375774150791046, 0.7155843594805391], [0.26808725948615003, 0.025437476359124248, 0.7064752641547256], [0.260684621925391, 0.026965319562088773, 0.7123500585125203], [0.2819486517700419, 0.01666641500165288, 0.7013849332283052], [0.27103243284105527, 0.021768181736223944, 0.7071993854227209], [0.2571306080711268, 0.0177773059227169, 0.7250920860061564], [0.2645864650221901, 0.02626005657504594, 0.709153478402764], [0.27894544346383426, 0.02507836350806011, 0.6959761930281056], [0.2720195722342233, 0.02568759517477685, 0.702292832591], [0.2665375180876862, 0.0274501990813528, 0.706012282830961], [0.27304523375982914, 0.018931001237989485, 0.7080237650021814], [0.26582079540761233, 0.017378814200060058, 0.7168003903923277], [0.26793750085789303, 0.022976864171341163, 0.7090856349707657], [0.2582449904604018, 0.020684269079429586, 0.7210707404601686], [0.25452654200851815, 0.04636950074200231, 0.6991039572494795], [0.2550881048862357, 0.054492889922275065, 0.6904190051914892], [0.26482989603390433, 0.022158662678123532, 0.7130114412879721], [0.27851476600343483, 0.01995631722770074, 0.7015289167688645], [0.266984087253754, 0.021128447584023432, 0.7118874651622225], [0.24378445649590275, 0.029549589161915413, 0.7266659543421818], [0.26548870946366715, 0.016007760578646356, 0.7185035299576864], [0.2706810289250411, 0.02302539179914498, 0.7062935792758139], [0.26498009722801313, 0.0201430004578129, 0.7148769023141741], [0.27115068895447086, 0.02545948311850864, 0.7033898279270205], [0.26068369578481926, 0.028428153224966675, 0.7108881509902141], [0.2694550862093135, 0.022824093093161114, 0.7077208206975255], [0.27023037980522346, 0.02349931403269921, 0.7062703061620774], [0.25263324115123753, 0.02504245761485098, 0.7223243012339116], [0.2678003178332023, 0.03430468535500957, 0.697894996811788], [0.25180257592544236, 0.02833410506306898, 0.7198633190114887], [0.2600817077619212, 0.03343247755040283, 0.7064858146876759], [0.2848454527813404, 0.02265028061184898, 0.6925042666068107], [0.27215185729261143, 0.034646032285338337, 0.6932021104220503], [0.255714394582051, 0.01971586270192316, 0.7245697427160258], [0.2572609692045686, 0.03705694834694342, 0.7056820824484878], [0.278693003512413, 0.021299911874672374, 0.7000070846129146], [0.273615201378198, 0.018361047193990062, 0.7080237514278119], [0.2740630092689574, 0.02162582519663201, 0.7043111655344105], [0.2626225429827927, 0.038107611639715024, 0.6992698453774923], [0.27125752666128966, 0.020255967954587156, 0.7084865053841232], [0.28363956605278634, 0.023595073218772637, 0.6927653607284411], [0.2611012292006109, 0.02396790547293872, 0.7149308653264504], [0.284869426931799, 0.023969104997279927, 0.6911614680709212], [0.2872192455671182, 0.021205899511974134, 0.6915748549209076], [0.2633442566294366, 0.03199269313993249, 0.7046630502306309], [0.2751821305664429, 0.0186715191222267, 0.7061463503113304], [0.2731030366093561, 0.029161247827119107, 0.6977357155635248], [0.2732714059103532, 0.02942757132775014, 0.6973010227618966], [0.2762376815514511, 0.02229543917884752, 0.7014668792697013], [0.2621628276461144, 0.023249610216818, 0.7145875621370676], [0.27318418774391373, 0.0266210785140651, 0.7001947337420211], [0.27360057639129876, 0.023602932242961634, 0.7027964913657395], [0.27964931829266104, 0.0228581468688416, 0.6974925348384974], [0.25099914780789384, 0.02205060200437849, 0.7269502501877277], [0.2654479899321007, 0.01702991899215099, 0.7175220910757483], [0.27735303118930604, 0.0221616479876188, 0.7004853208230751], [0.2741395408778418, 0.017065373110755098, 0.7087950860114031], [0.28353346733420304, 0.020002890377978876, 0.696463642287818], [0.258582632322844, 0.02538335254506626, 0.7160340151320898], [0.27875087157139383, 0.02239901066564039, 0.6988501177629659], [0.2588279229422485, 0.02541583435594679, 0.7157562427018048], [0.28430153684071113, 0.0196455222078178, 0.6960529409514712], [0.26895377413996885, 0.023557890153288855, 0.7074883357067423], [0.28049993254626254, 0.01993915908262428, 0.6995609083711132], [0.2794321956121837, 0.02051454872138201, 0.7000532556664343], [0.2585702855201482, 0.027934884178956818, 0.713494830300895], [0.2648883485348536, 0.025337749502932973, 0.7097739019622135], [0.2551328912685621, 0.025697082382821992, 0.7191700263486159], [0.27047501323685563, 0.03160729971023242, 0.697917687052912], [0.2665498239465309, 0.019826924649091908, 0.7136232514043772], [0.27553616224700367, 0.02198287890966011, 0.7024809588433362], [0.2601494338335914, 0.04506895865416858, 0.69478160751224], [0.26641973975606137, 0.015831210254477597, 0.717749049989461], [0.2701742126178891, 0.018376432465481363, 0.7114493549166296], [0.2747187193946919, 0.017688302795815097, 0.7075929778094929], [0.276485094687003, 0.012833582175780865, 0.7106813231372161], [0.26471805192219766, 0.02402895930050806, 0.7112529887772943], [0.25758369617898114, 0.027313064439315873, 0.715103239381703], [0.2815265219812536, 0.022465719159586724, 0.6960077588591597], [0.2592023957314902, 0.04045213357378896, 0.7003454706947209], [0.29123867871489967, 0.040395566415324206, 0.668365754869776], [0.25822841536011115, 0.07564332062329857, 0.6661282640165903], [0.2689330460935162, 0.021767359090010003, 0.7092995948164738], [0.27345681700115604, 0.04185074720699717, 0.6846924357918467], [0.26322391118791344, 0.04756000455452332, 0.6892160842575632], [0.2718404412506345, 0.044962749004296663, 0.6831968097450688], [0.25536230032520874, 0.07124789083501297, 0.6733898088397784], [0.2754004916555984, 0.04132395092810847, 0.6832755574162932], [0.27263647531292573, 0.03562237985689628, 0.691741144830178], [0.2557170690782725, 0.0403338343144809, 0.7039490966072466], [0.2860433768029976, 0.033029680555522405, 0.6809269426414801], [0.27670589454144034, 0.03498786482027347, 0.6883062406382862], [0.2854841400947545, 0.05005911528693378, 0.6644567446183117], [0.24668934925161773, 0.04395915196879174, 0.7093514987795906], [0.28024865586239084, 0.039243864604685, 0.6805074795329243], [0.2673539847074243, 0.05178427225699342, 0.6808617430355823], [0.2751638466484862, 0.035059272375790894, 0.6897768809757229], [0.26444551883607553, 0.022378215304005755, 0.7131762658599188], [0.2667119442429774, 0.022421967574791025, 0.7108660881822317], [0.2800384879890042, 0.019450580582439682, 0.7005109314285561], [0.2712429630661816, 0.02424710046101223, 0.704509936472806], [0.27943167994568313, 0.022820173912916807, 0.6977481461414001], [0.2726079226157254, 0.021693201054302714, 0.7056988763299717], [0.2508581529571918, 0.018905595524668403, 0.7302362515181398], [0.25769250870717747, 0.0245881256252189, 0.7177193656676036], [0.27396456405353664, 0.01743142606031227, 0.7086040098861511], [0.28030735275849117, 0.0180362686281381, 0.7016563786133708], [0.2632803653539842, 0.0251696479456521, 0.7115499867003637], [0.26960413689533325, 0.02421595042042606, 0.7061799126842406], [0.2612605859298263, 0.01933369276155129, 0.7194057213086225], [0.26114985867456525, 0.030106894143303087, 0.7087432471821316], [0.25622633286790736, 0.023580254807522454, 0.7201934123245701], [0.26164325318263676, 0.028988754039192478, 0.7093679927781706], [0.2830552912419396, 0.019264224997142417, 0.697680483760918], [0.2885013571436705, 0.025724624951618605, 0.6857740179047109], [0.2883693248220831, 0.014564865519387902, 0.6970658096585289], [0.26281899664710506, 0.02234393792562464, 0.7148370654272702], [0.2642540262972497, 0.03153712991276588, 0.7042088437899845], [0.2741112282885516, 0.029508946107553006, 0.6963798256038954], [0.27295063000566694, 0.024795805488070293, 0.7022535645062628], [0.24845995331770282, 0.024818851239421874, 0.7267211954428754], [0.2569812288881169, 0.02603758006952538, 0.7169811910423578], [0.26470647088814964, 0.01908284347653098, 0.7162106856353193], [0.25614414967499416, 0.017567431397104056, 0.7262884189279019], [0.27418040830149587, 0.021973251696578825, 0.7038463400019253], [0.25506481037103956, 0.019111071594404134, 0.7258241180345563], [0.24909035457158557, 0.015000173715635279, 0.7359094717127792], [0.2714984918350996, 0.024863957078791226, 0.7036375510861091], [0.26256453738900976, 0.01919234968739771, 0.7182431129235924], [0.25272722935605946, 0.021231953768445493, 0.7260408168754952], [0.27669542139971726, 0.02386990085806647, 0.6994346777422163], [0.2655496674493671, 0.021516477676313223, 0.7129338548743196], [0.2647887131212691, 0.01879901973918782, 0.716412267139543], [0.29540510001255427, 0.03440323316342394, 0.6701916668240219], [0.2697044206486051, 0.013208208118574651, 0.7170873712328204], [0.26921759624003055, 0.020328897377801417, 0.710453506382168], [0.26314543731935747, 0.0295147401580253, 0.7073398225226172], [0.26058947179447045, 0.027832591704298037, 0.7115779365012316], [0.2570305526948925, 0.0166736947857434, 0.7262957525193641], [0.27014616287547216, 0.02234004640703355, 0.7075137907174943], [0.27825338921631404, 0.020239471135338968, 0.701507139648347], [0.2689043959207867, 0.017952445190287426, 0.7131431588889259], [0.27618529003650244, 0.025104621453424122, 0.6987100885100735], [0.25301569061235374, 0.02592025176481309, 0.7210640576228331], [0.2788302795742421, 0.020871282475561557, 0.7002984379501964], [0.2691348969061953, 0.017160499786990423, 0.7137046033068143], [0.26293170166836055, 0.026293627472358676, 0.7107746708592807], [0.2560080714271851, 0.022123301511085998, 0.7218686270617289], [0.271091331715201, 0.026885589878462395, 0.7020230784063366], [0.2640605091430353, 0.02364256257512747, 0.7122969282818373], [0.2651169934523659, 0.033729248030563944, 0.7011537585170702], [0.2726384323275085, 0.02265228478181628, 0.7047092828906752], [0.2557591908820681, 0.021467331308248714, 0.722773477809683], [0.27305136492329074, 0.023906144234689713, 0.7030424908420195], [0.2570189403396502, 0.024780440801242795, 0.7182006188591069], [0.2783423604518929, 0.020425366779289147, 0.7012322727688178], [0.25748302730129985, 0.02029849707118435, 0.7222184756275158], [0.2759456719544033, 0.04604914012830288, 0.6780051879172939], [0.2803518483447447, 0.03775227132525131, 0.681895880330004], [0.26342243730223286, 0.03277549115905495, 0.7038020715387123], [0.2722797803386135, 0.03930066950396452, 0.6884195501574221], [0.25542514833397106, 0.03807151242484232, 0.7065033392411866], [0.27041075621907273, 0.041771996707319285, 0.687817247073608], [0.2654040831402038, 0.05754295801662186, 0.6770529588431744], [0.274063949036432, 0.03377247470490212, 0.6921635762586659], [0.2742094741396326, 0.03804105241871981, 0.6877494734416475], [0.25161711038500706, 0.052834546087809235, 0.6955483435271839], [0.2600384853179297, 0.04692954367254973, 0.6930319710095206], [0.27658697860865217, 0.0462450682039074, 0.6771679531874405], [0.2806200217577209, 0.044011758169022745, 0.6753682200732565], [0.259232088541917, 0.04969383025096303, 0.69107408120712], [0.27152721753168807, 0.05936373336840257, 0.6691090490999093], [0.28012250337142336, 0.06063646899221267, 0.6592410276363639], [0.26392801637917135, 0.0502090946899492, 0.6858628889308794], [0.270514627925201, 0.03803285399455992, 0.691452518080239], [0.2923623296222346, 0.0411044053825354, 0.66653326499523], [0.28367929503288947, 0.03237307534022773, 0.6839476296268827], [0.2690418487253672, 0.058673553575112884, 0.67228459769952], [0.27390426682290747, 0.05355634542383875, 0.6725393877532538], [0.2657785860046215, 0.045019522913757395, 0.6892018910816211], [0.2654315843332059, 0.039350789432698, 0.6952176262340961], [0.2750098189636825, 0.04025003780724629, 0.6847401432290713], [0.2674649228483377, 0.03877610936033552, 0.6937589677913268], [0.2836063439165467, 0.032952246698307895, 0.6834414093851454], [0.24844265829406986, 0.051110334487088294, 0.7004470072188419], [0.28430162426860645, 0.04287303401220811, 0.6728253417191854], [0.26081524501435105, 0.03853383035071142, 0.7006509246349375], [0.2530886386088508, 0.039003342575691005, 0.7079080188154582], [0.2907952865877514, 0.0422973367704994, 0.6669073766417492], [0.26566498337188443, 0.0501661172201641, 0.6841688994079513], [0.2728863536410304, 0.045398579959637954, 0.6817150663993315], [0.2704486426352206, 0.04529563565154048, 0.684255721713239], [0.2732863848597585, 0.038968791845821055, 0.6877448232944204], [0.2457514375090803, 0.037406215976103906, 0.7168423465148157], [0.26036080670886513, 0.04266741774854598, 0.6969717755425889], [0.2518385718063916, 0.054893104725107056, 0.6932683234685013], [0.27679608084679663, 0.03869445650341391, 0.6845094626497894], [0.25834386930678704, 0.050017409957501986, 0.691638720735711], [0.2635071897782958, 0.050917709222628116, 0.6855751009990759], [0.26860968721110356, 0.04813334565843326, 0.6832569671304631], [0.27879435983698253, 0.036927279762634435, 0.684278360400383], [0.2733627396492118, 0.04642690023109146, 0.6802103601196966], [0.25885354970544006, 0.058118291240178775, 0.6830281590543813], [0.24916324384413036, 0.06247513130969033, 0.6883616248461794], [0.2763353231426325, 0.03337101751988805, 0.6902936593374795], [0.2768847184823091, 0.036230741531147595, 0.6868845399865434], [0.28285590398335897, 0.049524704564710656, 0.6676193914519304], [0.2762091589233972, 0.0373295940230117, 0.6864612470535912], [0.28136199811243634, 0.03251772607389772, 0.686120275813666], [0.2777254511337688, 0.051604327562488755, 0.6706702213037424], [0.2565787122897131, 0.050251920703688224, 0.6931693670065988], [0.2644753613719794, 0.047258468274542484, 0.688266170353478], [0.2775580944783855, 0.059649294859298166, 0.6627926106623163], [0.284058070927523, 0.04506174209626463, 0.6708801869762124], [0.2560214034422399, 0.04385765006178702, 0.700120946495973], [0.2619869533778113, 0.06240579262139593, 0.6756072540007928], [0.27941493351388885, 0.0360126274077316, 0.6845724390783795], [0.25888975025152383, 0.03354956453587786, 0.7075606852125983], [0.29138576975910746, 0.03648989763012597, 0.6721243326107664], [0.2870544225533021, 0.05333820064146357, 0.6596073768052343], [0.2796414125635836, 0.03732414275568634, 0.6830344446807302], [0.28269411751873114, 0.03843460482229743, 0.6788712776589714], [0.2785879997807597, 0.050849565866000104, 0.6705624343532401], [0.268246320426144, 0.04871507228502406, 0.683038607288832], [0.28819788155721293, 0.035044926800882094, 0.676757191641905], [0.25490185263603055, 0.05144508316506138, 0.6936530641989082], [0.2639691238988427, 0.0454147577159998, 0.6906161183851575], [0.28779205816922965, 0.055702175409469167, 0.6565057664213013], [0.2649409707128925, 0.04654215005144069, 0.6885168792356668], [0.26163670653228427, 0.05775751863470782, 0.6806057748330078], [0.28560353469111927, 0.05068851700777904, 0.6637079483011017], [0.277846403836278, 0.04697175291112017, 0.6751818432526019], [0.29902635368763186, 0.04047086869954069, 0.6605027776128275], [0.2843062552429426, 0.03456329621958975, 0.6811304485374677], [0.265298350498236, 0.05642859383586665, 0.6782730556658974], [0.28582244947477126, 0.07526301058672202, 0.6389145399385067], [0.2736751039539856, 0.06377078683746142, 0.6625541092085531], [0.2518200625301616, 0.07960931095725897, 0.6685706265125795], [0.10747548298774813, 0.6798374996073323, 0.2126870174049196], [0.1589358678974349, 0.6017778942444572, 0.23928623785810782], [0.10458552410051968, 0.6977340192481591, 0.1976804566513212], [0.10627058161668386, 0.598203885149974, 0.2955255332333421], [0.13798162085494198, 0.6275239811656638, 0.2344943979793943], [0.07393514057977356, 0.7271038307070576, 0.1989610287131688], [0.07458887764044714, 0.7140855898750901, 0.21132553248446265], [0.09827391473566273, 0.6762529192927886, 0.22547316597154862], [0.12746405119113785, 0.6700755048497632, 0.20246044395909896], [0.13386004344736444, 0.5947642993464539, 0.27137565720618156], [0.07571703513879989, 0.7328525573335255, 0.19143040752767462], [0.07561991897849375, 0.7031368225646526, 0.22124325845685364], [0.0729779599462424, 0.7331417903894084, 0.19388024966434916], [0.12213298019386322, 0.635548992691483, 0.24231802711465375], [0.07402312834884263, 0.725157224728376, 0.20081964692278148], [0.14018395070100864, 0.6232010040921695, 0.2366150452068218], [0.08835271127071023, 0.6788040882627046, 0.23284320046658516], [0.10113571178595183, 0.6514715833207363, 0.24739270489331183], [0.11895058294375774, 0.6107113501823611, 0.2703380668738811], [0.12910215292428381, 0.5470077804269523, 0.3238900666487639], [0.15173140581783537, 0.6037796310356509, 0.2444889631465139], [0.10051616422996376, 0.7050408176801573, 0.19444301808987915], [0.08864780753011701, 0.6572923607588148, 0.25405983171106816], [0.13265039100893045, 0.6213900741489579, 0.24595953484211167], [0.05730275375722409, 0.7052704205345843, 0.23742682570819157], [0.08917367975638434, 0.7030134221368808, 0.20781289810673498], [0.20638517712146376, 0.42366896472220356, 0.36994585815633263], [0.11005827018356346, 0.5854414020082531, 0.3045003278081835], [0.0999819903221219, 0.7058186386315739, 0.19419937104630436], [0.1501737023593358, 0.594351127727856, 0.25547516991280816], [0.10327154653086737, 0.6986858825767407, 0.1980425708923919], [0.12276923658239226, 0.6805025337984464, 0.1967282296191614], [0.0757459766936996, 0.7182524622284105, 0.20600156107788994], [0.1590347942788641, 0.6730199705088981, 0.16794523521223778], [0.0796538216470477, 0.6742351991609932, 0.2461109791919592], [0.1324810707476305, 0.5953999890657261, 0.2721189401866435], [0.164483733376398, 0.5009734101557998, 0.3345428564678023], [0.1221286733082993, 0.686140290490169, 0.1917310362015317], [0.19598990210893977, 0.5285706398225034, 0.2754394580685568], [0.09412942031041187, 0.7086060527596344, 0.1972645269299537], [0.10270024106057359, 0.6478179821550389, 0.24948177678438727], [0.12068417245804279, 0.5878800592322143, 0.29143576830974294], [0.100122230720491, 0.5408845692891001, 0.35899319999040896], [0.12393995920113302, 0.6617998956188222, 0.21426014518004466], [0.16990883065447648, 0.5190632759155749, 0.31102789342994874], [0.12329161374456865, 0.6037368947323704, 0.27297149152306094], [0.07130695273540666, 0.7004000654110958, 0.2282929818534975], [0.08072175788337244, 0.7113242342427804, 0.20795400787384724], [0.09653499795564358, 0.6647637009063624, 0.23870130113799404], [0.11643894285566295, 0.6629574378231344, 0.22060361932120268], [0.15356232472033976, 0.5195660352507985, 0.3268716400288618], [0.12296493973512135, 0.6175339264556068, 0.2595011338092718], [0.1044910993325336, 0.6619779561396372, 0.2335309445278291], [0.18407751957107685, 0.5006179504218699, 0.3153045300070534], [0.21996351344658185, 0.24452551799448938, 0.5355109685589288], [0.11122140017095611, 0.6269950501369319, 0.2617835496921119], [0.11739363063602334, 0.6876799641497818, 0.19492640521419488], [0.05028717314697899, 0.7759392691814838, 0.17377355767153732], [0.19537573882992265, 0.6710834584023491, 0.13354080276772823], [0.0753240727234104, 0.720365353973685, 0.20431057330290464], [0.13967087407006848, 0.6486264097420005, 0.21170271618793104], [0.14435004915538602, 0.6389046688881717, 0.2167452819564424], [0.22282820563454322, 0.5607311717840351, 0.21644062258142172], [0.2008655062164959, 0.5985582799537772, 0.2005762138297269], [0.22573187400899497, 0.5805553029856867, 0.19371282300531825], [0.1279891714262319, 0.7121854203237644, 0.1598254082500038], [0.08179492727685653, 0.7415776466081052, 0.17662742611503818], [0.21255156964067523, 0.5040607725440664, 0.28338765781525843], [0.21351868446035976, 0.5710667168956685, 0.21541459864397178], [0.1777140323270502, 0.6655695746053776, 0.1567163930675722], [0.24205534187849698, 0.48352887707758835, 0.27441578104391456], [0.21279506421343597, 0.6603513857246929, 0.12685355006187107], [0.2701390490765459, 0.41088082302793155, 0.3189801278955225], [0.11543990673519935, 0.7043060594731961, 0.18025403379160457], [0.21949969450180495, 0.543187918724224, 0.23731238677397107], [0.11831687773216334, 0.6333619515810736, 0.24832117068676313], [0.081137799042801, 0.6989324018859033, 0.21992979907129562], [0.11097800314233917, 0.6234593639181719, 0.26556263293948884], [0.16238748973785516, 0.48971539565418887, 0.34789711460795597], [0.06175326100147388, 0.7438197573658691, 0.19442698163265687], [0.13264274182879024, 0.6629897189308653, 0.20436753924034448], [0.17034021687151293, 0.5001288861572735, 0.3295308969712136], [0.08020056636595091, 0.6966094671077393, 0.22318996652630968], [0.10574162451979326, 0.7024033673070382, 0.19185500817316845], [0.09356156202167447, 0.6243737396148288, 0.2820646983634968], [0.08010268456194866, 0.7012903204567216, 0.21860699498132974], [0.1503085805369483, 0.5781007495114577, 0.2715906699515941], [0.12057844706377253, 0.6464152901387075, 0.23300626279752007], [0.1527898541107532, 0.5798191558372235, 0.26739099005202316], [0.18098453525212174, 0.6103709147296786, 0.20864455001819962], [0.17297731087547988, 0.5717145557546042, 0.2553081333699159], [0.1002959051927388, 0.6672225938770092, 0.232481500930252], [0.1367363206689016, 0.652058935094131, 0.21120474423696722], [0.13270408370347628, 0.580342591792914, 0.2869533245036097], [0.10498685248848155, 0.6738803689960093, 0.22113277851550905], [0.11903835327560072, 0.6038464023565165, 0.2771152443678828], [0.10569371441058382, 0.6755846672199881, 0.21872161836942805], [0.24643477982664508, 0.2300661771877808, 0.5234990429855741], [0.21122886689873224, 0.3157799568798544, 0.47299117622141346], [0.15605084339695144, 0.5502557173476049, 0.2936934392554437], [0.11329535719768825, 0.649270856567019, 0.2374337862352927], [0.1387769452821883, 0.6996157500128621, 0.16160730470494966], [0.11867177494630798, 0.7330711492249347, 0.14825707582875736], [0.08362087558888794, 0.7403828110452181, 0.17599631336589405], [0.227209382602769, 0.5240693183795533, 0.2487212990176777], [0.06768916527057857, 0.755360315279049, 0.17695051945037238], [0.1562761893655134, 0.6493356589981768, 0.1943881516363099], [0.060584119363518575, 0.7575488766139227, 0.1818670040225588], [0.17495579101227868, 0.589870260368206, 0.23517394861951527], [0.1410469921097999, 0.6349189112756456, 0.2240340966145546], [0.2146090309148619, 0.6201617935046301, 0.1652291755805081], [0.24606852760568476, 0.4139366308257221, 0.33999484156859316], [0.04227560253056599, 0.7708514700842714, 0.18687292738516267], [0.1405945252424943, 0.6962661626604227, 0.16313931209708296], [0.14624403136552983, 0.684512553826093, 0.16924341480837732], [0.09369750509935033, 0.7468904007624173, 0.15941209413823246], [0.1403303548838166, 0.6709943919518467, 0.18867525316433664], [0.1761182569552535, 0.49555732811893455, 0.328324414925812], [0.15210066943118314, 0.5942677037934784, 0.2536316267753385], [0.15605102768593787, 0.6256229334357728, 0.21832603887828927], [0.14288186597784278, 0.5808953614729779, 0.2762227